0 0.47006944444444443 0.9822280092592592 0.05715277777777779 0.021145833333333287
0 0.46369791666666665 0.967488425925926 0.06076388888888893 0.03212962962962962
0 0.4643055555555556 0.93625 0.06131944444444457 0.044629629629629616
0 0.4640104166666667 0.8901909722222221 0.06565972222222208 0.036886574074073766
0 0.4611284722222223 0.8496354166666666 0.06232638888888893 0.03215277777777779
0 0.4661284722222222 0.7722685185185185 0.07225694444444457 0.044791666666666785
0 0.45934027777777775 0.6966377314814814 0.05874999999999986 0.057083333333333285
0 0.46324652777777775 0.6263136574074075 0.058541666666666714 0.05239583333333329
0 0.46980902777777783 0.5489236111111111 0.07239583333333321 0.04791666666666679
0 0.4656944444444445 0.48340277777777774 0.07395833333333321 0.04793981481481495
0 0.46675347222222224 0.3366087962962963 0.06545138888888893 0.032199074074074116
0 0.4718055555555555 0.2756365740740741 0.06934027777777771 0.04943287037037036
0 0.4683506944444444 0.19527199074074075 0.07770833333333335 0.06204861111111111
0 0.4733159722222222 0.11868634259259259 0.07302083333333335 0.06197916666666668
0 0.47125000000000006 0.04220486111111112 0.08715277777777786 0.06375