0 0.01015625 0.4859375 0.0203125 0.05546875
0 0.025 0.49296875 0.03125 0.06015625
0 0.05625 0.49375 0.04375 0.05859375
0 0.10234375 0.49609375 0.0359375 0.0640625
0 0.14296875 0.50078125 0.03203125 0.0609375
0 0.2203125 0.49921875 0.04375 0.0703125
0 0.29609375 0.509375 0.05546875 0.05546875
0 0.36640625 0.50859375 0.0515625 0.05703125
0 0.44375 0.50546875 0.046875 0.0703125
0 0.509375 0.5125 0.04765625 0.07265625
0 0.65625 0.51796875 0.03125 0.0640625
0 0.7171875 0.515625 0.0484375 0.0671875
0 0.79765625 0.52265625 0.0609375 0.07578125
0 0.87421875 0.52109375 0.0609375 0.0703125
0 0.95078125 0.5265625 0.06171875 0.08359375