0 0.0033738425925925936 0.486238425925926 0.006747685185185187 0.05685185185185197
0 0.013449074074074075 0.4937094907407408 0.02689814814814815 0.06030092592592595
0 0.04162037037037038 0.49541666666666667 0.04550925925925926 0.060671296296296265
0 0.08764467592592592 0.4991261574074074 0.037835648148148146 0.06512731481481478
0 0.12813078703703704 0.5050173611111111 0.033055555555555574 0.061863425925925954
0 0.20552083333333332 0.5057465277777778 0.0458333333333333 0.07160879629629627
0 0.2810011574074074 0.5181481481481482 0.05791666666666675 0.057916666666666575
0 0.3513368055555556 0.5194502314814815 0.05322916666666666 0.05777777777777775
0 0.42877314814814815 0.5186168981481482 0.048958333333333215 0.07170138888888893
0 0.49418981481481483 0.5275925925925926 0.04900462962962955 0.07326388888888893
0 0.6409027777777778 0.5374131944444445 0.03314814814814824 0.06498842592592595
0 0.7019097222222223 0.536875 0.050428240740740725 0.06862268518518526
0 0.7821701388888889 0.5462905092592593 0.06315972222222221 0.07680555555555557
0 0.8587789351851853 0.5469965277777777 0.06302083333333357 0.07211805555555557
0 0.9351793981481482 0.5547337962962964 0.06499999999999986 0.0862268518518519