0 0.3875 0.903125 0.15 0.190625
0 0.08515625 0.67421875 0.0953125 0.1421875
0 0.2375 0.6453125 0.096875 0.075
0 0.3375 0.4734375 0.078125 0.084375
0 0.35 0.63828125 0.08125 0.0796875
0 0.4109375 0.46484375 0.075 0.0828125
0 0.4421875 0.60390625 0.1375 0.1296875
0 0.51328125 0.8703125 0.1890625 0.196875
0 0.503125 0.459375 0.065625 0.053125
0 0.5453125 0.5703125 0.0875 0.08125
0 0.57734375 0.4515625 0.0640625 0.053125
0 0.62734375 0.76953125 0.1421875 0.1734375
0 0.62734375 0.44140625 0.0765625 0.0640625
0 0.64375 0.56796875 0.090625 0.0765625
0 0.7234375 0.55234375 0.10625 0.0609375
0 0.74140625 0.740625 0.1265625 0.1625
0 0.8859375 0.7328125 0.128125 0.171875
0 0.94453125 0.7234375 0.1078125 0.190625