0 0.5589814814814815 0.8804398148148149 0.1612962962962964 0.19618055555555564
0 0.8748900462962963 0.6403356481481481 0.10373842592592589 0.14571759259259273
0 0.7242592592592593 0.6170717592592593 0.10131944444444443 0.07858796296296297
0 0.6344444444444445 0.448900462962963 0.08312500000000007 0.08726851851851851
0 0.612175925925926 0.614207175925926 0.08597222222222226 0.08269675925925916
0 0.5615162037037037 0.44302662037037044 0.0799074074074074 0.08559027777777786
0 0.5220254629629629 0.5832465277777777 0.14518518518518525 0.13478009259259255
0 0.43514467592592593 0.8522858796296295 0.2007291666666667 0.2038773148148149
0 0.4696527777777778 0.4409722222222222 0.06877314814814817 0.05555555555555554
0 0.4208912037037037 0.5534722222222221 0.09231481481481474 0.08449074074074084
0 0.39589699074074075 0.4359085648148149 0.06721064814814817 0.05549768518518512
0 0.3270543981481482 0.7557291666666666 0.1524652777777778 0.1787037037037038
0 0.3464988425925926 0.4276041666666667 0.0803587962962963 0.0668981481481481
0 0.3225925925925926 0.5547743055555555 0.095162037037037 0.0799189814814815
0 0.2438310185185185 0.5421006944444444 0.10986111111111112 0.06487268518518512
0 0.2147048611111111 0.7310474537037036 0.13619212962962962 0.1671875
0 0.07063657407407407 0.728587962962963 0.13831018518518517 0.17662037037037023
0 0.03607638888888889 0.7213831018518518 0.07215277777777777 0.19461805555555553