0 0.8668287037037038 0.6058101851851851 0.19951388888888885 0.1514120370370371
0 0.620005787037037 0.9098495370370371 0.14783564814814804 0.0963657407407407
0 0.6001273148148148 0.7577199074074074 0.0807407407407407 0.09743055555555565
0 0.43417824074074074 0.6589930555555557 0.08900462962962959 0.07875000000000014
0 0.5997627314814815 0.6452719907407408 0.08450231481481474 0.08184027777777772
0 0.4299363425925926 0.5856192129629629 0.08725694444444443 0.07561342592592588
0 0.5708506944444445 0.5533391203703704 0.13783564814814825 0.1384606481481482
0 0.8414699074074073 0.4802719907407408 0.20807870370370374 0.19052083333333325
0 0.4299305555555556 0.4934722222222222 0.05701388888888879 0.06601851851851848
0 0.5433680555555556 0.45046296296296295 0.08643518518518505 0.08810185185185179
0 0.4265162037037037 0.4193113425925926 0.056921296296296296 0.06445601851851848
0 0.7474479166666667 0.3669560185185185 0.1818634259259259 0.14347222222222217
0 0.41932291666666666 0.36938657407407405 0.0685995370370371 0.07703703703703706
0 0.5468576388888888 0.35204282407407406 0.08193287037037038 0.09119212962962964
0 0.5359548611111111 0.2724710648148148 0.06723379629629633 0.10670138888888889
0 0.725300925925926 0.2531076388888889 0.16999999999999993 0.12776620370370376
0 0.7260532407407407 0.10863425925925926 0.1794675925925926 0.12939814814814815
0 0.7201504629629629 0.052361111111111115 0.19701388888888882 0.10472222222222223