0 0.15329861111111112 0.92609375 0.09155092592592595 0.14327546296296276
0 0.22780671296296298 0.904976851851852 0.15335648148148148 0.17916666666666642
0 0.40370370370370373 0.87625 0.2860532407407407 0.22651620370370368
0 0.6490451388888889 0.7474594907407408 0.4517939814814813 0.3627430555555556
0 0.7637731481481481 0.6044328703703703 0.4724537037037038 0.3961805555555557
0 0.8610966435185186 0.4261053240740741 0.277806712962963 0.37511574074074083
0 0.9684317129629629 0.41604166666666664 0.06313657407407405 0.31999999999999995
0 0.405613425925926 0.287962962962963 0.33125 0.26932870370370365
0 0.11663773148148149 0.2511863425925926 0.17442129629629627 0.2113888888888889
0 0.19820601851851852 0.13480902777777778 0.26655092592592594 0.19437500000000002
0 0.25037615740740743 0.05419560185185185 0.2817708333333334 0.1083912037037037