0 0.9316030092592593 0.15329861111111112 0.13679398148148145 0.09155092592592595
0 0.9160011574074074 0.22780671296296298 0.16799768518518512 0.15335648148148148
0 0.8989959490740741 0.40370370370370373 0.20200810185185175 0.2860532407407407
0 0.8087905092592592 0.6490451388888889 0.3627430555555556 0.4517939814814813
0 0.6799421296296296 0.7637731481481481 0.39618055555555537 0.4724537037037038
0 0.5129571759259259 0.8610966435185186 0.37511574074074067 0.277806712962963
0 0.5152083333333334 0.9684317129629629 0.31999999999999995 0.06313657407407405
0 0.32766203703703706 0.405613425925926 0.2693287037037037 0.33125
0 0.2613136574074074 0.11663773148148149 0.2113888888888889 0.17442129629629627
0 0.15425347222222224 0.19820601851851852 0.19437499999999996 0.26655092592592594
0 0.07057291666666668 0.25037615740740743 0.12667824074074074 0.2817708333333334