0 0.0515625 0.4765277777777778 0.103125 0.18430555555555556
0 0.1859375 0.7180092592592592 0.190625 0.130648148148148
0 0.24375 0.4900347222222222 0.3046875 0.27934027777777787
0 0.34921875 0.1751909722222222 0.45 0.34302083333333333
0 0.3671875 0.8186921296296296 0.19375 0.09167824074074069
0 0.4609375 0.5620949074074074 0.19375 0.2119907407407407
0 0.51796875 0.8262847222222222 0.1625 0.11418981481481474
0 0.75625 0.2942824074074074 0.4859375 0.5565856481481481
0 0.66953125 0.6174942129629629 0.25 0.18084490740740744
0 0.64609375 0.8425810185185185 0.165625 0.11271990740740741
0 0.7796875 0.8512268518518518 0.15625 0.08900462962962977
0 0.8609375 0.6575405092592593 0.23125 0.18810185185185196
0 0.87421875 0.8704340277777778 0.178125 0.12090277777777772