0 0.0515625 0.525 0.103125 0.18125
0 0.1859375 0.2875 0.18984375 0.12421875
0 0.24375 0.5171875 0.3046875 0.26953125
0 0.34921875 0.83515625 0.45 0.32890625
0 0.3671875 0.1921875 0.19453125 0.0859375
0 0.4609375 0.4515625 0.19453125 0.20625
0 0.51796875 0.1890625 0.16171875 0.109375
0 0.75625 0.728125 0.4859375 0.5421875
0 0.66953125 0.40234375 0.25 0.1734375
0 0.64609375 0.1765625 0.165625 0.1078125
0 0.7796875 0.171875 0.15546875 0.08515625
0 0.8609375 0.36796875 0.23125 0.18125
0 0.87421875 0.15546875 0.178125 0.115625