0 0.062118055555555565 0.4761458333333334 0.10715277777777779 0.18354166666666666
0 0.20177083333333332 0.7166319444444444 0.19340277777777776 0.1292361111111111
0 0.2544791666666667 0.4882291666666667 0.31069444444444444 0.27708333333333324
0 0.35288194444444443 0.17260416666666667 0.4573263888888889 0.3396875
0 0.38513888888888886 0.8159722222222221 0.19565972222222233 0.09024305555555552
0 0.473125 0.5586805555555555 0.19833333333333325 0.21055555555555544
0 0.5359895833333332 0.8224479166666667 0.16493055555555572 0.11298611111111115
0 0.7566493055555557 0.28868055555555555 0.4867013888888888 0.5529861111111111
0 0.6828125 0.6125347222222223 0.2538541666666667 0.17899305555555553
0 0.6643923611111111 0.8377951388888889 0.16802083333333329 0.11149305555555564
0 0.7980902777777777 0.845451388888889 0.1581249999999999 0.08784722222222215
0 0.8749826388888889 0.6511631944444445 0.23527777777777778 0.18638888888888888
0 0.8929861111111113 0.8639583333333334 0.1806944444444447 0.11958333333333329